0.0 16.67
1.0 16.67
2.0 16.73
3.0 16.72
4.0 16.74
5.0 16.72
6.0 16.77
7.0 16.78
8.0 16.79
9.0 16.83
10.0 16.85
11.0 16.85
12.0 16.87
13.0 16.91
14.0 16.95
15.0 16.98
16.0 17.0
17.0 17.02
18.0 17.08
19.0 17.13
20.0 17.15
21.0 17.18
22.0 17.22
23.0 17.23
24.0 17.26
25.0 17.3
26.0 17.32
27.0 17.37
28.0 17.43
29.0 17.46
30.0 17.52
31.0 17.54
32.0 17.6
33.0 17.64
34.0 17.69
35.0 17.74
36.0 17.8
37.0 17.82
38.0 17.87
39.0 17.92
40.0 17.94
41.0 18.01
42.0 18.06
43.0 18.1
44.0 18.12
45.0 18.18
46.0 18.23
47.0 18.27
48.0 18.34
49.0 18.36
50.0 18.38
51.0 18.43
52.0 18.5
53.0 18.52
54.0 18.63
55.0 18.63
56.0 18.67
57.0 18.73
58.0 18.82
59.0 18.84
60.0 18.84
61.0 18.88
62.0 18.91
63.0 18.94
64.0 18.94
65.0 19.01
66.0 19.06
67.0 19.1
68.0 19.18
69.0 19.24
70.0 19.28
71.0 19.27
72.0 19.25
73.0 19.28
74.0 19.32
75.0 19.35
76.0 19.37
77.0 19.41
78.0 19.43
79.0 19.44
80.0 19.46
81.0 19.46
82.0 19.46
83.0 19.5
84.0 19.49
85.0 19.54
86.0 19.54
87.0 19.49
88.0 19.53
89.0 19.57
90.0 19.56
91.0 19.56
92.0 19.59
93.0 19.56
94.0 19.56
95.0 19.55
96.0 19.57
97.0 19.59
